time,away_description,away_change,score,home_change,home_description
11:40.0,Turnover by J. Randle (lost ball; steal by I. Thomas), ,0-0, , 
11:34.0, , ,0-0, ,Turnover by G. Payton (traveling)
11:18.0,R. Barrett misses 2-pt jump shot from 19 ft, ,0-0, , 
11:15.0, , ,0-0, ,Defensive rebound by T. Brown
11:09.0, , ,0-0, ,T. Brown misses 2-pt jump shot from 15 ft
11:07.0, , ,0-0, ,Offensive rebound by Team
11:01.0, , ,0-0, ,I. Mahinmi misses 2-pt hook shot from 7 ft
10:58.0, , ,0-0, ,Offensive rebound by I. Mahinmi
10:57.0, , ,0-0, ,I. Mahinmi misses 2-pt hook shot from 9 ft
10:55.0,Defensive rebound by J. Randle, ,0-0, , 
10:49.0,Turnover by E. Payton (bad pass; steal by T. Brown), ,0-0, , 
10:44.0, , ,0-2,+2,G. Payton makes 2-pt layup from 1 ft (assist by T. Brown)
10:29.0,J. Randle makes 3-pt jump shot from 24 ft (assist by E. Payton),+3,3-2, , 
10:13.0, , ,3-2, ,I. Thomas misses 2-pt jump shot from 17 ft
10:10.0,Defensive rebound by T. Gibson, ,3-2, , 
10:01.0,Turnover by J. Randle (lost ball; steal by G. Payton), ,3-2, , 
9:57.0, , ,3-4,+2,G. Payton makes 2-pt layup from 1 ft
9:46.0,Turnover by E. Payton (bad pass), ,3-4, , 
9:23.0, , ,3-4, ,I. Thomas misses 2-pt jump shot from 20 ft
9:21.0, , ,3-4, ,Offensive rebound by J. Williams
9:21.0, , ,3-4, ,Shooting foul by J. Randle (drawn by J. Williams)
9:21.0, , ,3-5,+1,J. Williams makes free throw 1 of 2
9:21.0, , ,3-6,+1,J. Williams makes free throw 2 of 2
9:18.0,New York full timeout, ,3-6, , 
9:09.0,J. Randle makes 2-pt jump shot from 16 ft,+2,5-6, , 
8:51.0, , ,5-6, ,T. Brown misses 2-pt jump shot from 13 ft
8:48.0,Defensive rebound by J. Randle, ,5-6, , 
8:32.0,J. Randle misses 3-pt jump shot from 27 ft, ,5-6, , 
8:30.0, , ,5-6, ,Defensive rebound by Team
8:30.0,Loose ball foul by T. Gibson (drawn by I. Mahinmi), ,5-6, , 
8:17.0, , ,5-8,+2,G. Payton makes 2-pt jump shot from 16 ft (assist by J. Williams)
7:58.0,R. Barrett misses 3-pt jump shot from 28 ft, ,5-8, , 
7:56.0, , ,5-8, ,Defensive rebound by I. Mahinmi
7:46.0, , ,5-8, ,I. Thomas misses 2-pt jump shot from 15 ft
7:42.0,Defensive rebound by J. Randle, ,5-8, , 
7:33.0,T. Gibson makes 2-pt layup from 2 ft (assist by J. Randle),+2,7-8, , 
7:18.0, , ,7-8, ,Turnover by I. Mahinmi (traveling)
7:04.0,E. Payton misses 3-pt jump shot from 25 ft, ,7-8, , 
7:01.0, , ,7-8, ,Defensive rebound by G. Payton
6:57.0, , ,7-8, ,I. Thomas misses 2-pt jump shot from 18 ft
6:57.0,Defensive rebound by Team, ,7-8, , 
6:41.0,E. Payton misses 2-pt layup from 11 ft (block by I. Mahinmi), ,7-8, , 
6:40.0,Offensive rebound by Team, ,7-8, , 
6:40.0,D. Dotson enters the game for R. Barrett, ,7-8, , 
6:40.0,M. Robinson enters the game for T. Gibson, ,7-8, , 
6:34.0,M. Robinson makes 2-pt layup from 9 ft (assist by E. Payton),+2,9-8, , 
6:22.0, , ,9-8, ,Personal foul by M. Morris (drawn by T. Brown)
6:15.0, , ,9-10,+2,I. Mahinmi makes 2-pt layup from 6 ft (assist by J. Williams)
6:15.0, , ,9-10, ,Shooting foul by M. Robinson (drawn by I. Mahinmi)
6:15.0, , ,9-10, ,J. McRae enters the game for G. Payton
6:15.0, , ,9-10, ,I. Mahinmi misses free throw 1 of 1
6:12.0,Defensive rebound by M. Morris, ,9-10, , 
5:54.0,J. Randle misses 2-pt jump shot from 14 ft, ,9-10, , 
5:51.0, , ,9-10, ,Defensive rebound by J. Williams
5:45.0, , ,9-12,+2,I. Thomas makes 2-pt jump shot from 11 ft
5:35.0,E. Payton makes 2-pt layup from 8 ft,+2,11-12, , 
5:23.0, , ,11-12, ,J. McRae misses 2-pt jump shot from 16 ft
5:21.0,Defensive rebound by M. Robinson, ,11-12, , 
5:10.0,M. Robinson makes 2-pt dunk from 8 ft (assist by M. Morris),+2,13-12, , 
5:10.0, , ,13-12, ,Washington full timeout
5:10.0, , ,13-12, ,I. Bonga enters the game for J. Williams
4:55.0, , ,13-12, ,T. Brown misses 2-pt layup from 9 ft (block by E. Payton)
4:53.0,Defensive rebound by E. Payton, ,13-12, , 
4:50.0,M. Morris misses 3-pt jump shot from 27 ft, ,13-12, , 
4:47.0, , ,13-12, ,Defensive rebound by J. McRae
4:46.0, , ,13-14,+2,I. Bonga makes 2-pt dunk from 7 ft (assist by J. McRae)
4:27.0,M. Morris misses 2-pt jump shot from 16 ft, ,13-14, , 
4:25.0, , ,13-14, ,Defensive rebound by I. Thomas
4:18.0, , ,13-16,+2,T. Brown makes 2-pt layup from 2 ft (assist by I. Thomas)
4:18.0, , ,13-16, ,Shooting foul by M. Robinson (drawn by T. Brown)
4:18.0,B. Portis enters the game for M. Robinson, ,13-16, , 
4:18.0, , ,13-16, ,I. Smith enters the game for I. Thomas
4:18.0, , ,13-17,+1,T. Brown makes free throw 1 of 1
4:03.0,J. Randle misses 2-pt layup from 7 ft, ,13-17, , 
4:01.0,Offensive rebound by J. Randle, ,13-17, , 
4:01.0,Shooting foul by T. Brown (drawn by J. Randle), ,13-17, , 
4:01.0,J. Randle makes free throw 1 of 2,+1,14-17, , 
4:01.0,F. Ntilikina enters the game for E. Payton, ,14-17, , 
4:01.0, , ,14-17, ,G. Mathews enters the game for T. Brown
4:01.0, , ,14-17, ,A. Pasečņiks enters the game for I. Mahinmi
4:01.0,J. Randle misses free throw 2 of 2, ,14-17, , 
3:59.0, , ,14-17, ,Defensive rebound by A. Pasečņiks
3:51.0, , ,14-17, ,Personal foul by M. Morris (drawn by A. Pasečņiks)
3:51.0, , ,14-18,+1,A. Pasečņiks makes free throw 1 of 2
3:51.0,K. Knox enters the game for M. Morris, ,14-18, , 
3:51.0, , ,14-19,+1,A. Pasečņiks makes free throw 2 of 2
3:38.0,D. Dotson makes 3-pt jump shot from 27 ft (assist by J. Randle),+3,17-19, , 
3:12.0, , ,17-19, ,J. McRae misses 2-pt jump shot from 18 ft
3:10.0,Defensive rebound by F. Ntilikina, ,17-19, , 
3:05.0,J. Randle makes 2-pt layup from 6 ft (assist by F. Ntilikina),+2,19-19, , 
2:50.0, , ,19-19, ,Turnover by A. Pasečņiks (bad pass; steal by D. Dotson)
2:47.0,B. Portis makes 2-pt layup from 3 ft (assist by F. Ntilikina),+2,21-19, , 
2:47.0,Shooting foul by I. Smith (drawn by B. Portis), ,21-19, , 
2:47.0,B. Portis misses free throw 1 of 1, ,21-19, , 
2:46.0, , ,21-19, ,Defensive rebound by J. McRae
2:32.0, , ,21-19, ,A. Pasečņiks misses 2-pt jump shot from 7 ft
2:32.0,Defensive rebound by Team, ,21-19, , 
2:32.0,Personal foul by A. Pasečņiks (drawn by K. Knox), ,21-19, , 
2:21.0,B. Portis misses 2-pt jump shot from 16 ft, ,21-19, , 
2:19.0, , ,21-19, ,Defensive rebound by G. Mathews
2:11.0, , ,21-19, ,I. Smith misses 2-pt jump shot from 14 ft
2:09.0,Defensive rebound by J. Randle, ,21-19, , 
1:55.0,Personal foul by G. Mathews (drawn by K. Knox), ,21-19, , 
1:55.0,R. Barrett enters the game for J. Randle, ,21-19, , 
1:51.0,Personal foul by G. Mathews (drawn by F. Ntilikina), ,21-19, , 
1:51.0,F. Ntilikina makes free throw 1 of 2,+1,22-19, , 
1:51.0,F. Ntilikina makes free throw 2 of 2,+1,23-19, , 
1:42.0, , ,23-19, ,J. McRae misses 2-pt jump shot from 22 ft
1:40.0,Defensive rebound by D. Dotson, ,23-19, , 
1:31.0,B. Portis makes 2-pt jump shot from 19 ft (assist by F. Ntilikina),+2,25-19, , 
1:20.0, , ,25-19, ,I. Smith misses 2-pt layup from 7 ft
1:17.0,Defensive rebound by K. Knox, ,25-19, , 
1:16.0,R. Barrett makes 2-pt layup from 3 ft,+2,27-19, , 
1:16.0,Shooting foul by I. Bonga (drawn by R. Barrett), ,27-19, , 
1:16.0,R. Barrett makes free throw 1 of 1,+1,28-19, , 
0:54.0, , ,28-19, ,I. Bonga misses 2-pt hook shot from 11 ft
0:51.0,Defensive rebound by F. Ntilikina, ,28-19, , 
0:46.0,B. Portis makes 3-pt jump shot from 28 ft (assist by D. Dotson),+3,31-19, , 
0:31.0, , ,31-19, ,A. Pasečņiks misses 2-pt jump shot from 16 ft
0:29.0, , ,31-19, ,Offensive rebound by I. Bonga
0:28.0, , ,31-19, ,Shooting foul by B. Portis (drawn by I. Bonga)
0:28.0, , ,31-19, ,Technical foul by B. Portis
0:28.0, , ,31-19, ,J. McRae misses technical free throw
0:28.0, , ,31-19, ,Offensive rebound by Team
0:28.0, , ,31-20,+1,I. Bonga makes free throw 1 of 2
0:28.0, , ,31-21,+1,I. Bonga makes free throw 2 of 2
0:04.0,R. Barrett makes 2-pt layup from 8 ft,+2,33-21, , 
0:00.0, , ,33-21, ,Personal foul by F. Ntilikina (drawn by I. Smith)
0:00.0, , ,33-22,+1,I. Smith makes free throw 1 of 2
0:00.0, , ,33-23,+1,I. Smith makes free throw 2 of 2
11:48.0, , ,33-23, ,I. Smith misses 3-pt jump shot from 25 ft
11:42.0,Defensive rebound by R. Barrett, ,33-23, , 
11:36.0,Def 3 sec tech foul by Team, ,33-23, , 
11:36.0,F. Ntilikina makes technical free throw,+1,34-23, , 
11:21.0,D. Dotson misses 3-pt jump shot from 26 ft, ,34-23, , 
11:21.0,Offensive rebound by Team, ,34-23, , 
11:21.0,Turnover by Team (shot clock), ,34-23, , 
11:10.0, , ,34-23, ,Turnover by J. McRae (lost ball; steal by B. Portis)
11:07.0,D. Dotson misses 2-pt layup from 5 ft, ,34-23, , 
11:06.0,Offensive rebound by B. Portis, ,34-23, , 
11:06.0,B. Portis makes 2-pt layup from 2 ft,+2,36-23, , 
10:46.0, , ,36-23, ,I. Bonga misses 2-pt layup from 4 ft
10:46.0, , ,36-23, ,Offensive rebound by A. Pasečņiks
10:44.0, , ,36-25,+2,A. Pasečņiks makes 2-pt layup from 2 ft
10:25.0,K. Knox misses 2-pt jump shot from 15 ft, ,36-25, , 
10:25.0,Offensive rebound by Team, ,36-25, , 
10:25.0, , ,36-25, ,G. Payton enters the game for J. McRae
10:15.0,Turnover by F. Ntilikina (traveling), ,36-25, , 
10:01.0, , ,36-25, ,G. Mathews misses 3-pt jump shot from 26 ft
9:57.0,Defensive rebound by R. Barrett, ,36-25, , 
9:52.0,B. Portis misses 3-pt jump shot from 26 ft, ,36-25, , 
9:48.0, , ,36-25, ,Defensive rebound by I. Smith
9:45.0, , ,36-25, ,I. Smith misses 2-pt layup from 6 ft
9:43.0, , ,36-25, ,Offensive rebound by I. Bonga
9:43.0, , ,36-25, ,I. Bonga misses 2-pt layup at rim
9:40.0, , ,36-25, ,Offensive rebound by G. Payton
9:37.0, , ,36-28,+3,I. Smith makes 3-pt jump shot from 23 ft (assist by G. Payton)
9:17.0,B. Portis makes 2-pt layup from 7 ft (assist by F. Ntilikina),+2,38-28, , 
9:11.0, , ,38-28, ,Shooting foul by R. Barrett (drawn by G. Payton)
9:11.0, , ,38-28, ,G. Payton misses free throw 1 of 2
9:11.0, , ,38-28, ,Offensive rebound by Team
9:11.0,M. Morris enters the game for D. Dotson, ,38-28, , 
9:11.0,J. Randle enters the game for B. Portis, ,38-28, , 
9:11.0, , ,38-28, ,A. Schofield enters the game for G. Mathews
9:11.0, , ,38-29,+1,G. Payton makes free throw 2 of 2
8:57.0,R. Barrett misses 2-pt layup from 6 ft, ,38-29, , 
8:53.0, , ,38-29, ,Defensive rebound by G. Payton
8:51.0, , ,38-29, ,Turnover by G. Payton (bad pass)
8:39.0,K. Knox misses 2-pt layup from 7 ft, ,38-29, , 
8:34.0, , ,38-29, ,Defensive rebound by A. Pasečņiks
8:32.0, , ,38-29, ,Personal foul by F. Ntilikina (drawn by I. Smith)
8:32.0,E. Payton enters the game for F. Ntilikina, ,38-29, , 
8:27.0, , ,38-29, ,I. Smith misses 2-pt jump shot from 10 ft
8:23.0,Defensive rebound by M. Morris, ,38-29, , 
8:13.0,Turnover by M. Morris (lost ball; steal by G. Payton), ,38-29, , 
8:13.0, , ,38-29, ,Personal foul by M. Morris (drawn by G. Payton)
8:13.0, , ,38-29, ,T. Brown enters the game for I. Bonga
8:13.0, , ,38-29, ,I. Mahinmi enters the game for A. Pasečņiks
7:52.0, , ,38-29, ,I. Smith misses 2-pt jump shot from 14 ft
7:49.0,Defensive rebound by K. Knox, ,38-29, , 
7:36.0,R. Barrett makes 3-pt jump shot from 22 ft (assist by E. Payton),+3,41-29, , 
7:35.0, , ,41-29, ,Washington full timeout
7:35.0,M. Robinson enters the game for K. Knox, ,41-29, , 
7:35.0, , ,41-29, ,J. McRae enters the game for A. Schofield
7:35.0, , ,41-29, ,I. Thomas enters the game for I. Smith
7:12.0, , ,41-32,+3,G. Payton makes 3-pt jump shot from 23 ft (assist by T. Brown)
6:55.0,M. Morris misses 3-pt jump shot from 26 ft, ,41-32, , 
6:54.0, , ,41-32, ,Defensive rebound by J. McRae
6:54.0, , ,41-32, ,Personal foul by M. Robinson (drawn by J. McRae)
6:54.0,T. Gibson enters the game for M. Robinson, ,41-32, , 
6:39.0, , ,41-35,+3,G. Payton makes 3-pt jump shot from 24 ft (assist by I. Thomas)
6:30.0,New York full timeout, ,41-35, , 
6:30.0,D. Dotson enters the game for R. Barrett, ,41-35, , 
6:18.0,M. Morris misses 2-pt jump shot from 21 ft, ,41-35, , 
6:18.0,Offensive rebound by Team, ,41-35, , 
6:18.0, , ,41-35, ,Loose ball foul by J. McRae (drawn by T. Gibson)
6:07.0,J. Randle misses 3-pt jump shot from 23 ft, ,41-35, , 
6:06.0, , ,41-35, ,Defensive rebound by T. Brown
5:59.0, , ,41-38,+3,I. Thomas makes 3-pt jump shot from 24 ft
5:45.0,M. Morris makes 3-pt jump shot from 25 ft (assist by J. Randle),+3,44-38, , 
5:37.0, , ,44-40,+2,J. McRae makes 2-pt layup from 4 ft (assist by I. Thomas)
5:21.0,M. Morris misses 3-pt jump shot from 27 ft, ,44-40, , 
5:18.0, , ,44-40, ,Defensive rebound by T. Brown
5:14.0, , ,44-40, ,I. Thomas misses 3-pt jump shot from 26 ft
5:11.0,Defensive rebound by J. Randle, ,44-40, , 
4:59.0,Turnover by E. Payton (lost ball; steal by G. Payton), ,44-40, , 
4:53.0, , ,44-42,+2,I. Mahinmi makes 2-pt dunk from 4 ft (assist by G. Payton)
4:38.0,Offensive foul by T. Gibson (drawn by J. McRae), ,44-42, , 
4:38.0,Turnover by T. Gibson (offensive foul), ,44-42, , 
4:31.0, , ,44-42, ,Personal foul by E. Payton (drawn by I. Thomas)
4:31.0, , ,44-43,+1,I. Thomas makes free throw 1 of 2
4:31.0, , ,44-44,+1,I. Thomas makes free throw 2 of 2
4:24.0,Turnover by E. Payton (bad pass), ,44-44, , 
4:16.0, , ,44-46,+2,I. Thomas makes 2-pt jump shot from 14 ft
4:10.0,New York full timeout, ,44-46, , 
4:10.0,R. Barrett enters the game for D. Dotson, ,44-46, , 
4:10.0,K. Knox enters the game for T. Gibson, ,44-46, , 
4:10.0,B. Portis enters the game for M. Morris, ,44-46, , 
4:00.0,Turnover by B. Portis (lost ball; steal by G. Payton), ,44-46, , 
3:58.0, , ,44-48,+2,T. Brown makes 2-pt dunk from 3 ft (assist by I. Thomas)
3:33.0,Turnover by J. Randle (bad pass; steal by G. Payton), ,44-48, , 
3:27.0, , ,44-48, ,T. Brown misses 2-pt layup from 3 ft
3:25.0,Defensive rebound by J. Randle, ,44-48, , 
3:17.0,B. Portis makes 2-pt hook shot from 7 ft,+2,46-48, , 
3:01.0, , ,46-48, ,Personal foul by R. Barrett (drawn by I. Thomas)
3:01.0, , ,46-49,+1,I. Thomas makes free throw 1 of 2
3:01.0, , ,46-50,+1,I. Thomas makes free throw 2 of 2
2:53.0,J. Randle makes 2-pt layup from 3 ft (assist by E. Payton),+2,48-50, , 
2:37.0, , ,48-50, ,J. McRae misses 2-pt jump shot from 13 ft
2:29.0, , ,48-50, ,Offensive rebound by I. Mahinmi
2:26.0, , ,48-52,+2,I. Mahinmi makes 2-pt layup from 3 ft
2:10.0,J. Randle makes 2-pt layup from 6 ft (assist by R. Barrett),+2,50-52, , 
1:57.0, , ,50-54,+2,I. Thomas makes 2-pt jump shot from 11 ft
1:42.0,B. Portis makes 2-pt layup from 5 ft,+2,52-54, , 
1:28.0, , ,52-54, ,G. Payton misses 3-pt jump shot from 25 ft
1:24.0, , ,52-54, ,Offensive rebound by I. Thomas
1:22.0, , ,52-54, ,I. Thomas misses 2-pt jump shot from 16 ft
1:19.0,Defensive rebound by E. Payton, ,52-54, , 
1:19.0,Shooting foul by J. McRae (drawn by K. Knox), ,52-54, , 
1:19.0,K. Knox makes free throw 1 of 2,+1,53-54, , 
1:19.0,K. Knox misses free throw 2 of 2, ,53-54, , 
1:19.0, , ,53-54, ,Defensive rebound by J. McRae
1:08.0, , ,53-54, ,I. Thomas misses 2-pt jump shot from 9 ft
1:04.0,Defensive rebound by K. Knox, ,53-54, , 
1:00.0,K. Knox makes 3-pt jump shot from 27 ft (assist by E. Payton),+3,56-54, , 
0:43.0, , ,56-56,+2,I. Mahinmi makes 2-pt hook shot from 5 ft
0:31.0,R. Barrett misses 3-pt jump shot from 26 ft, ,56-56, , 
0:31.0, , ,56-56, ,Defensive rebound by T. Brown
0:23.0, , ,56-56, ,Shooting foul by K. Knox (drawn by J. McRae)
0:23.0, , ,56-57,+1,J. McRae makes free throw 1 of 2
0:23.0, , ,56-57, ,I. Bonga enters the game for I. Mahinmi
0:23.0, , ,56-57, ,A. Schofield enters the game for I. Thomas
0:23.0, , ,56-58,+1,J. McRae makes free throw 2 of 2
0:02.0,R. Barrett makes 3-pt jump shot from 24 ft (assist by E. Payton),+3,59-58, , 
0:00.0, , ,59-58, ,J. McRae misses 3-pt jump shot from 54 ft
0:00.0, , ,59-58, ,Offensive rebound by Team
11:43.0, , ,59-58, ,T. Brown misses 3-pt jump shot from 27 ft
11:38.0, , ,59-58, ,Offensive rebound by I. Mahinmi
11:36.0, , ,59-58, ,I. Thomas misses 3-pt jump shot from 28 ft
11:33.0,Defensive rebound by R. Barrett, ,59-58, , 
11:28.0,Turnover by J. Randle (bad pass; steal by G. Payton), ,59-58, , 
11:24.0, , ,59-58, ,Shooting foul by E. Payton (drawn by I. Thomas)
11:24.0, , ,59-59,+1,I. Thomas makes free throw 1 of 2
11:24.0, , ,59-60,+1,I. Thomas makes free throw 2 of 2
11:09.0,M. Morris makes 3-pt jump shot from 24 ft (assist by J. Randle),+3,62-60, , 
10:56.0, , ,62-60, ,Personal foul by M. Morris (drawn by T. Brown)
10:45.0, , ,62-60, ,I. Thomas misses 2-pt layup from 6 ft (block by T. Gibson)
10:45.0, , ,62-60, ,Offensive rebound by Team
10:42.0, , ,62-60, ,T. Brown misses 2-pt jump shot from 18 ft
10:39.0,Defensive rebound by T. Gibson, ,62-60, , 
10:33.0,Personal foul by J. Williams (drawn by E. Payton), ,62-60, , 
10:15.0,E. Payton makes 2-pt jump shot from 6 ft (assist by J. Randle),+2,64-60, , 
9:54.0, , ,64-60, ,I. Thomas misses 2-pt jump shot from 7 ft
9:54.0, , ,64-60, ,Offensive rebound by I. Mahinmi
9:53.0, , ,64-60, ,I. Mahinmi misses 2-pt layup from 3 ft
9:53.0,Defensive rebound by M. Morris, ,64-60, , 
9:39.0,R. Barrett misses 2-pt jump shot from 9 ft, ,64-60, , 
9:36.0,Offensive rebound by T. Gibson, ,64-60, , 
9:32.0,Turnover by T. Gibson (lost ball; steal by T. Brown), ,64-60, , 
9:27.0, , ,64-62,+2,T. Brown makes 2-pt layup from 4 ft
9:23.0,J. Randle makes 2-pt dunk from 4 ft (assist by E. Payton),+2,66-62, , 
9:04.0, , ,66-65,+3,I. Thomas makes 3-pt jump shot from 27 ft
8:50.0,Turnover by E. Payton (bad pass; steal by T. Brown), ,66-65, , 
8:43.0, , ,66-65, ,T. Brown misses 2-pt hook shot from 4 ft
8:43.0, , ,66-65, ,Offensive rebound by G. Payton
8:43.0, , ,66-67,+2,G. Payton makes 2-pt layup from 1 ft
8:22.0,T. Gibson makes 2-pt dunk from 3 ft (assist by E. Payton),+2,68-67, , 
8:04.0, , ,68-67, ,Shooting foul by T. Gibson (drawn by I. Mahinmi)
8:04.0, , ,68-67, ,I. Mahinmi misses free throw 1 of 2
8:04.0, , ,68-67, ,Offensive rebound by Team
8:04.0, , ,68-68,+1,I. Mahinmi makes free throw 2 of 2
7:46.0,J. Randle misses 3-pt jump shot from 23 ft, ,68-68, , 
7:43.0, , ,68-68, ,Defensive rebound by I. Thomas
7:37.0, , ,68-68, ,T. Brown misses 3-pt jump shot from 27 ft
7:33.0,Defensive rebound by J. Randle, ,68-68, , 
7:26.0,E. Payton misses 3-pt jump shot from 28 ft, ,68-68, , 
7:23.0, , ,68-68, ,Defensive rebound by I. Mahinmi
7:15.0, , ,68-68, ,I. Thomas misses 3-pt jump shot from 24 ft (block by T. Gibson)
7:14.0,Defensive rebound by J. Randle, ,68-68, , 
7:10.0,Personal take foul by T. Brown (drawn by E. Payton), ,68-68, , 
7:10.0,M. Robinson enters the game for T. Gibson, ,68-68, , 
6:58.0,J. Randle makes 3-pt jump shot from 24 ft (assist by M. Morris),+3,71-68, , 
6:38.0, , ,71-68, ,Turnover by G. Payton (step out of bounds)
6:38.0, , ,71-68, ,Washington full timeout
6:38.0, , ,71-68, ,J. McRae enters the game for T. Brown
6:27.0,M. Morris misses 2-pt jump shot from 17 ft, ,71-68, , 
6:24.0, , ,71-68, ,Defensive rebound by J. Williams
6:11.0, , ,71-68, ,Turnover by I. Thomas (bad pass; steal by J. Randle)
6:11.0,Personal foul by I. Thomas (drawn by M. Robinson), ,71-68, , 
6:11.0,D. Dotson enters the game for R. Barrett, ,71-68, , 
6:11.0, , ,71-68, ,G. Mathews enters the game for I. Mahinmi
6:11.0, , ,71-68, ,A. Pasečņiks enters the game for G. Payton
6:00.0,J. Randle makes 2-pt layup from 8 ft,+2,73-68, , 
6:00.0,Shooting foul by A. Pasečņiks (drawn by J. Randle), ,73-68, , 
6:00.0,J. Randle makes free throw 1 of 1,+1,74-68, , 
5:42.0, , ,74-68, ,J. McRae misses 2-pt hook shot from 6 ft
5:38.0,Defensive rebound by M. Robinson, ,74-68, , 
5:32.0,E. Payton misses 2-pt jump shot from 7 ft, ,74-68, , 
5:26.0,Offensive rebound by M. Robinson, ,74-68, , 
5:26.0,M. Robinson misses 2-pt layup at rim, ,74-68, , 
5:26.0,Offensive rebound by M. Robinson, ,74-68, , 
5:23.0,M. Robinson makes 2-pt dunk at rim,+2,76-68, , 
5:20.0, , ,76-68, ,Shooting foul by M. Morris (drawn by I. Thomas)
5:20.0,New York full timeout, ,76-68, , 
5:20.0,Instant Replay (Challenge: Stands), ,76-68, , 
5:20.0,K. Knox enters the game for M. Morris, ,76-68, , 
5:20.0, , ,76-68, ,I. Bonga enters the game for J. Williams
5:20.0, , ,76-69,+1,I. Thomas makes free throw 1 of 2
5:20.0, , ,76-70,+1,I. Thomas makes free throw 2 of 2
5:05.0,Personal foul by I. Thomas (drawn by K. Knox), ,76-70, , 
5:05.0,K. Knox makes free throw 1 of 2,+1,77-70, , 
5:05.0,K. Knox makes free throw 2 of 2,+1,78-70, , 
4:55.0, , ,78-70, ,J. McRae misses 2-pt jump shot from 13 ft
4:52.0, , ,78-70, ,Offensive rebound by A. Pasečņiks
4:40.0, , ,78-70, ,G. Mathews misses 2-pt jump shot from 15 ft
4:38.0,Defensive rebound by J. Randle, ,78-70, , 
4:33.0,M. Robinson makes 2-pt dunk from 5 ft (assist by J. Randle),+2,80-70, , 
4:16.0, , ,80-70, ,J. McRae misses 2-pt jump shot from 10 ft
4:13.0,Defensive rebound by J. Randle, ,80-70, , 
4:12.0,Personal foul by I. Bonga (drawn by J. Randle), ,80-70, , 
4:12.0,J. Randle makes free throw 1 of 2,+1,81-70, , 
4:12.0,F. Ntilikina enters the game for E. Payton, ,81-70, , 
4:12.0, , ,81-70, ,T. Brown enters the game for G. Mathews
4:12.0, , ,81-70, ,I. Smith enters the game for I. Thomas
4:12.0,J. Randle makes free throw 2 of 2,+1,82-70, , 
3:56.0, , ,82-70, ,Personal foul by M. Robinson (drawn by A. Pasečņiks)
3:56.0, , ,82-70, ,A. Pasečņiks misses free throw 1 of 2
3:56.0, , ,82-70, ,Offensive rebound by Team
3:56.0,B. Portis enters the game for M. Robinson, ,82-70, , 
3:56.0, , ,82-70, ,A. Pasečņiks misses free throw 2 of 2
3:54.0,Defensive rebound by J. Randle, ,82-70, , 
3:39.0,D. Dotson misses 3-pt jump shot from 28 ft, ,82-70, , 
3:36.0, , ,82-70, ,Defensive rebound by I. Smith
3:31.0, , ,82-70, ,J. McRae misses 2-pt layup from 9 ft
3:28.0,Defensive rebound by K. Knox, ,82-70, , 
3:22.0,Offensive foul by B. Portis (drawn by I. Bonga), ,82-70, , 
3:22.0,Turnover by B. Portis (offensive foul), ,82-70, , 
3:22.0,R. Barrett enters the game for J. Randle, ,82-70, , 
3:07.0, , ,82-70, ,Turnover by T. Brown (step out of bounds)
2:51.0,B. Portis makes 2-pt jump shot from 17 ft,+2,84-70, , 
2:39.0, , ,84-70, ,Shooting foul by F. Ntilikina (drawn by I. Smith)
2:39.0, , ,84-70, ,I. Smith misses free throw 1 of 2
2:39.0, , ,84-70, ,Offensive rebound by Team
2:39.0, , ,84-71,+1,I. Smith makes free throw 2 of 2
2:30.0,B. Portis misses 2-pt jump shot from 19 ft, ,84-71, , 
2:25.0, , ,84-71, ,Defensive rebound by T. Brown
2:14.0, , ,84-71, ,I. Smith misses 2-pt layup from 5 ft
2:13.0,Defensive rebound by F. Ntilikina, ,84-71, , 
2:08.0,D. Dotson makes 2-pt layup from 1 ft (assist by F. Ntilikina),+2,86-71, , 
1:53.0, , ,86-73,+2,I. Smith makes 2-pt jump shot from 8 ft (assist by J. McRae)
1:38.0,Turnover by R. Barrett (bad pass; steal by J. McRae), ,86-73, , 
1:30.0, , ,86-73, ,T. Brown misses 2-pt jump shot from 7 ft
1:26.0,Defensive rebound by B. Portis, ,86-73, , 
1:20.0,R. Barrett misses 2-pt layup from 5 ft, ,86-73, , 
1:15.0,Offensive rebound by R. Barrett, ,86-73, , 
1:15.0,R. Barrett misses 2-pt layup at rim (block by I. Smith), ,86-73, , 
1:15.0, , ,86-73, ,Defensive rebound by I. Bonga
1:12.0, , ,86-73, ,Offensive foul by A. Pasečņiks (drawn by K. Knox)
1:12.0, , ,86-73, ,Turnover by A. Pasečņiks (offensive foul)
1:00.0,K. Knox misses 3-pt jump shot from 29 ft, ,86-73, , 
0:57.0, , ,86-73, ,Defensive rebound by J. McRae
0:54.0, , ,86-73, ,Shooting foul by K. Knox (drawn by I. Bonga)
0:54.0, , ,86-74,+1,I. Bonga makes free throw 1 of 2
0:54.0, , ,86-75,+1,I. Bonga makes free throw 2 of 2
0:30.0,Turnover by R. Barrett (bad pass; steal by I. Bonga), ,86-75, , 
0:26.0, , ,86-78,+3,I. Smith makes 3-pt jump shot from 26 ft (assist by I. Bonga)
0:08.0,F. Ntilikina misses 3-pt jump shot from 27 ft, ,86-78, , 
0:04.0, , ,86-78, ,Defensive rebound by T. Brown
0:01.0, , ,86-78, ,T. Brown misses 3-pt jump shot from 30 ft
0:01.0,Defensive rebound by R. Barrett, ,86-78, , 
11:48.0,Personal foul by A. Pasečņiks (drawn by F. Ntilikina), ,86-78, , 
11:35.0,B. Portis misses 2-pt jump shot from 8 ft, ,86-78, , 
11:33.0, , ,86-78, ,Defensive rebound by I. Bonga
11:23.0, , ,86-80,+2,I. Smith makes 2-pt layup from 6 ft
11:03.0,R. Barrett misses 2-pt layup from 7 ft, ,86-80, , 
11:00.0, , ,86-80, ,Defensive rebound by A. Pasečņiks
10:58.0, , ,86-82,+2,I. Bonga makes 2-pt layup from 6 ft
10:58.0,Violation by Team (def goaltending), ,86-82, , 
10:42.0,Turnover by B. Portis (traveling), ,86-82, , 
10:42.0,J. Randle enters the game for K. Knox, ,86-82, , 
10:25.0, , ,86-85,+3,J. McRae makes 3-pt jump shot from 27 ft (assist by I. Smith)
10:22.0,New York full timeout, ,86-85, , 
10:22.0,A. Trier enters the game for R. Barrett, ,86-85, , 
10:05.0,F. Ntilikina makes 3-pt jump shot from 24 ft (assist by D. Dotson),+3,89-85, , 
9:43.0, , ,89-85, ,I. Smith misses 3-pt jump shot from 27 ft
9:40.0,Defensive rebound by A. Trier, ,89-85, , 
9:31.0,A. Trier misses 3-pt jump shot from 27 ft, ,89-85, , 
9:28.0,Offensive rebound by B. Portis, ,89-85, , 
9:25.0,A. Trier misses 3-pt jump shot from 28 ft, ,89-85, , 
9:21.0, , ,89-85, ,Defensive rebound by I. Smith
9:13.0, , ,89-88,+3,J. McRae makes 3-pt jump shot from 26 ft
8:55.0,Turnover by J. Randle (lost ball; steal by I. Smith), ,89-88, , 
8:51.0, , ,89-90,+2,J. McRae makes 2-pt dunk from 3 ft (assist by I. Smith)
8:30.0,Shooting foul by I. Smith (drawn by F. Ntilikina), ,89-90, , 
8:30.0,F. Ntilikina makes free throw 1 of 2,+1,90-90, , 
8:30.0, , ,90-90, ,G. Payton enters the game for J. McRae
8:30.0,F. Ntilikina makes free throw 2 of 2,+1,91-90, , 
8:19.0, , ,91-92,+2,T. Brown makes 2-pt jump shot from 17 ft
7:56.0,J. Randle makes 2-pt jump shot from 18 ft,+2,93-92, , 
7:51.0, , ,93-92, ,Personal foul by F. Ntilikina (drawn by I. Smith)
7:44.0, , ,93-92, ,Turnover by I. Smith (bad pass; steal by F. Ntilikina)
7:27.0,Turnover by A. Trier (bad pass; steal by I. Bonga), ,93-92, , 
7:06.0, , ,93-92, ,A. Pasečņiks misses 2-pt hook shot from 5 ft
7:03.0,Defensive rebound by F. Ntilikina, ,93-92, , 
6:54.0,J. Randle misses 2-pt jump shot from 16 ft, ,93-92, , 
6:49.0, , ,93-92, ,Defensive rebound by T. Brown
6:40.0, , ,93-92, ,Washington full timeout
6:40.0,E. Payton enters the game for F. Ntilikina, ,93-92, , 
6:40.0,M. Robinson enters the game for B. Portis, ,93-92, , 
6:40.0, , ,93-92, ,I. Mahinmi enters the game for I. Bonga
6:40.0, , ,93-92, ,I. Thomas enters the game for A. Pasečņiks
6:33.0, , ,93-92, ,T. Brown misses 2-pt jump shot from 14 ft
6:30.0,Defensive rebound by D. Dotson, ,93-92, , 
6:20.0,Turnover by E. Payton (bad pass; steal by I. Mahinmi), ,93-92, , 
6:07.0, , ,93-92, ,I. Thomas misses 2-pt layup from 6 ft
6:04.0,Defensive rebound by M. Robinson, ,93-92, , 
5:48.0,J. Randle misses 2-pt jump shot from 17 ft, ,93-92, , 
5:45.0,Offensive rebound by J. Randle, ,93-92, , 
5:42.0,J. Randle misses 2-pt jump shot from 10 ft, ,93-92, , 
5:37.0,Offensive rebound by J. Randle, ,93-92, , 
5:37.0,J. Randle makes 2-pt layup at rim,+2,95-92, , 
5:25.0, , ,95-92, ,T. Brown misses 2-pt jump shot from 17 ft
5:23.0,Defensive rebound by J. Randle, ,95-92, , 
5:16.0,D. Dotson misses 3-pt jump shot from 27 ft, ,95-92, , 
5:11.0, , ,95-92, ,Defensive rebound by G. Payton
5:06.0, , ,95-92, ,G. Payton misses 3-pt jump shot from 25 ft
5:01.0,Defensive rebound by D. Dotson, ,95-92, , 
4:50.0,J. Randle misses 3-pt jump shot from 25 ft, ,95-92, , 
4:47.0, , ,95-92, ,Defensive rebound by I. Mahinmi
4:33.0, , ,95-92, ,G. Payton misses 2-pt layup from 12 ft (block by M. Robinson)
4:28.0,Defensive rebound by M. Robinson, ,95-92, , 
4:24.0,E. Payton misses 2-pt layup from 3 ft (block by I. Mahinmi), ,95-92, , 
4:21.0,Offensive rebound by E. Payton, ,95-92, , 
4:18.0,D. Dotson misses 2-pt jump shot from 16 ft, ,95-92, , 
4:18.0, , ,95-92, ,Defensive rebound by I. Mahinmi
3:56.0, , ,95-92, ,T. Brown misses 3-pt jump shot from 26 ft
3:53.0,Defensive rebound by E. Payton, ,95-92, , 
3:32.0,J. Randle makes 2-pt jump shot from 4 ft,+2,97-92, , 
3:32.0, , ,97-92, ,Washington full timeout
3:32.0,R. Barrett enters the game for D. Dotson, ,97-92, , 
3:32.0,M. Morris enters the game for A. Trier, ,97-92, , 
3:32.0, , ,97-92, ,J. McRae enters the game for I. Smith
3:12.0, , ,97-92, ,I. Thomas misses 2-pt jump shot from 12 ft (block by M. Robinson)
3:10.0, , ,97-92, ,Offensive rebound by I. Thomas
3:08.0, , ,97-92, ,Turnover by Team (shot clock)
2:46.0,M. Morris misses 2-pt jump shot from 19 ft, ,97-92, , 
2:43.0, , ,97-92, ,Defensive rebound by T. Brown
2:28.0, , ,97-94,+2,J. McRae makes 2-pt layup from 3 ft
2:14.0,R. Barrett makes 3-pt jump shot from 25 ft (assist by M. Morris),+3,100-94, , 
1:54.0, , ,100-94, ,I. Thomas misses 2-pt jump shot from 7 ft
1:54.0, , ,100-94, ,Offensive rebound by I. Mahinmi
1:54.0, , ,100-94, ,I. Mahinmi misses 2-pt layup from 1 ft
1:54.0, , ,100-94, ,Offensive rebound by Team
1:52.0, , ,100-94, ,I. Thomas misses 2-pt jump shot from 17 ft
1:47.0,Defensive rebound by J. Randle, ,100-94, , 
1:28.0,E. Payton misses 3-pt jump shot from 27 ft, ,100-94, , 
1:24.0, , ,100-94, ,Defensive rebound by G. Payton
1:16.0, , ,100-94, ,T. Brown misses 3-pt jump shot from 28 ft
1:13.0,Defensive rebound by M. Morris, ,100-94, , 
0:54.0,J. Randle misses 2-pt jump shot from 20 ft, ,100-94, , 
0:51.0,Offensive rebound by M. Robinson, ,100-94, , 
0:51.0,Shooting foul by T. Brown (drawn by M. Robinson), ,100-94, , 
0:51.0,M. Robinson misses free throw 1 of 2, ,100-94, , 
0:51.0,Offensive rebound by Team, ,100-94, , 
0:51.0,M. Robinson misses free throw 2 of 2, ,100-94, , 
0:49.0, , ,100-94, ,Defensive rebound by I. Mahinmi
0:42.0, , ,100-94, ,I. Thomas misses 2-pt jump shot from 7 ft
0:41.0,Defensive rebound by M. Robinson, ,100-94, , 
0:32.0,New York full timeout, ,100-94, , 
0:30.0,Personal foul by I. Mahinmi (drawn by M. Morris), ,100-94, , 
0:30.0,M. Morris makes free throw 1 of 2,+1,101-94, , 
0:30.0,M. Morris makes free throw 2 of 2,+1,102-94, , 
0:30.0, , ,102-94, ,Washington full timeout
0:28.0, , ,102-97,+3,J. McRae makes 3-pt jump shot from 23 ft (assist by T. Brown)
0:26.0,Personal foul by I. Thomas (drawn by J. Randle), ,102-97, , 
0:26.0,J. Randle makes free throw 1 of 2,+1,103-97, , 
0:26.0,J. Randle makes free throw 2 of 2,+1,104-97, , 
0:17.0, , ,104-100,+3,J. McRae makes 3-pt jump shot from 28 ft
0:15.0,Personal foul by T. Brown (drawn by M. Morris), ,104-100, , 
0:15.0,M. Morris makes free throw 1 of 2,+1,105-100, , 
0:15.0,M. Morris makes free throw 2 of 2,+1,106-100, , 
0:15.0, , ,106-100, ,Washington full timeout
0:12.0, , ,106-100, ,Turnover by T. Brown (bad pass; steal by M. Robinson)
0:11.0,Personal take foul by I. Mahinmi (drawn by M. Robinson), ,106-100, , 
0:11.0,M. Robinson misses free throw 1 of 2, ,106-100, , 
0:11.0,Offensive rebound by Team, ,106-100, , 
0:11.0,M. Robinson makes free throw 2 of 2,+1,107-100, , 
0:04.0, , ,107-100, ,I. Mahinmi misses 3-pt jump shot from 26 ft
0:01.0,Defensive rebound by M. Robinson, ,107-100, , 
